# Combined observational data
# Format: wavelength(um)  delta_wavelength(um)  transit_depth  uncertainty  response_mode
# Data ordered as: HST_1, HST_2, HST_3, HST_4, SOSS_1, SOSS_2, S_1, S_2, MIRI_1
# ================================================================================
0.340000 0.050000 0.01585470 0.00028500 boxcar
0.405000 0.015000 0.01552450 0.00026500 boxcar
0.427500 0.007500 0.01589270 0.00028800 boxcar
0.442500 0.007500 0.01539630 0.00026200 boxcar
0.462500 0.012500 0.01518740 0.00018600 boxcar
0.479600 0.004600 0.01570460 0.00034300 boxcar
0.486100 0.002000 0.01563740 0.00049800 boxcar
0.494100 0.006000 0.01507840 0.00027300 boxcar
0.505050 0.004950 0.01549310 0.00032100 boxcar
0.517500 0.007500 0.01493640 0.00024400 boxcar
0.532500 0.007500 0.01523590 0.00025500 boxcar
0.545000 0.005000 0.01514900 0.00030500 boxcar
0.555000 0.005000 0.01529980 0.00033500 boxcar
0.565000 0.005000 0.01532400 0.00045600 boxcar
0.550000 0.020000 0.01446940 0.00062900 boxcar
0.579400 0.009400 0.01489290 0.00062100 boxcar
0.589300 0.000500 0.01557540 0.00199900 boxcar
0.612400 0.022600 0.01526910 0.00042200 boxcar
0.652500 0.017500 0.01463070 0.00044800 boxcar
0.690000 0.020000 0.01511130 0.00042900 boxcar
0.738000 0.028000 0.01506970 0.00040100 boxcar
0.768400 0.002400 0.01502410 0.00136500 boxcar
0.795400 0.024600 0.01549740 0.00078900 boxcar
0.850000 0.030000 0.01476290 0.00066000 boxcar
0.910000 0.030000 0.01437430 0.00069200 boxcar
0.985000 0.045000 0.01471110 0.00085300 boxcar
0.819790 0.009510 0.01507660 0.00016200 boxcar
0.838810 0.009510 0.01485010 0.00013900 boxcar
0.857830 0.009510 0.01491520 0.00013200 boxcar
0.878030 0.010700 0.01468120 0.00011500 boxcar
0.899430 0.010700 0.01476180 0.00010900 boxcar
0.927960 0.017830 0.01465010 0.00008000 boxcar
0.957680 0.011885 0.01484000 0.00009300 boxcar
0.976700 0.007130 0.01487330 0.00011500 boxcar
0.992150 0.008320 0.01469270 0.00010700 boxcar
1.012360 0.011885 0.01475480 0.00009000 boxcar
1.033760 0.009510 0.01469330 0.00009900 boxcar
1.052780 0.009510 0.01449430 0.00010100 boxcar
1.071800 0.009510 0.01476910 0.00010400 boxcar
1.090870 0.009510 0.01500170 0.00010500 boxcar
1.111030 0.010700 0.01503300 0.00009800 boxcar
1.138010 0.009080 0.01512710 0.00011800 boxcar
1.158450 0.011350 0.01498090 0.00011100 boxcar
1.178880 0.009080 0.01479670 0.00011300 boxcar
1.197040 0.009080 0.01475290 0.00011700 boxcar
1.217470 0.011350 0.01482100 0.00010400 boxcar
1.237900 0.009080 0.01477440 0.00010900 boxcar
1.256060 0.009080 0.01457430 0.00011600 boxcar
1.285570 0.020430 0.01472890 0.00008100 boxcar
1.315090 0.009080 0.01491510 0.00011400 boxcar
1.333250 0.009080 0.01490720 0.00011400 boxcar
1.351410 0.009080 0.01517440 0.00012300 boxcar
1.371840 0.011350 0.01509880 0.00011200 boxcar
1.392270 0.009080 0.01520360 0.00011900 boxcar
1.410430 0.009080 0.01524190 0.00011800 boxcar
1.430860 0.011350 0.01517150 0.00010900 boxcar
1.451300 0.009080 0.01514810 0.00012100 boxcar
1.469460 0.009080 0.01536270 0.00012900 boxcar
1.487620 0.009080 0.01528000 0.00013100 boxcar
1.508050 0.011350 0.01513000 0.00011700 boxcar
1.528480 0.009080 0.01502330 0.00013700 boxcar
1.546640 0.009080 0.01495080 0.00013200 boxcar
1.564800 0.009080 0.01459360 0.00013300 boxcar
1.585240 0.011350 0.01469880 0.00013500 boxcar
1.605670 0.009080 0.01472780 0.00014500 boxcar
1.623830 0.009080 0.01441100 0.00014800 boxcar
0.629050 0.003200 0.01477270 0.00015100 boxcar
0.635480 0.003230 0.01463020 0.00008360 boxcar
0.641980 0.003265 0.01480090 0.00007550 boxcar
0.648540 0.003300 0.01482170 0.00007320 boxcar
0.655170 0.003330 0.01472580 0.00006930 boxcar
0.661870 0.003365 0.01458050 0.00006410 boxcar
0.668630 0.003400 0.01479940 0.00005940 boxcar
0.675470 0.003435 0.01465340 0.00005790 boxcar
0.682370 0.003470 0.01466450 0.00005630 boxcar
0.689350 0.003505 0.01473110 0.00005430 boxcar
0.696390 0.003540 0.01481140 0.00005240 boxcar
0.703520 0.003575 0.01476610 0.00005260 boxcar
0.710710 0.003615 0.01462750 0.00005140 boxcar
0.717970 0.003650 0.01481330 0.00005290 boxcar
0.725310 0.003690 0.01474080 0.00005130 boxcar
0.732730 0.003725 0.01476970 0.00005080 boxcar
0.740220 0.003765 0.01473280 0.00005360 boxcar
0.747780 0.003800 0.01481190 0.00005300 boxcar
0.755430 0.003840 0.01463130 0.00005420 boxcar
0.763150 0.003880 0.01492340 0.00005410 boxcar
0.770950 0.003920 0.01483890 0.00005830 boxcar
0.778830 0.003960 0.01475740 0.00006080 boxcar
0.786800 0.004000 0.01473040 0.00005940 boxcar
0.794840 0.004040 0.01477590 0.00006350 boxcar
0.802960 0.004085 0.01471020 0.00006780 boxcar
0.811170 0.004125 0.01476290 0.00007030 boxcar
0.819460 0.004170 0.01463870 0.00007430 boxcar
0.827840 0.004210 0.01457980 0.00007350 boxcar
0.836300 0.004255 0.01468750 0.00008140 boxcar
0.844850 0.004295 0.01451570 0.00008670 boxcar
0.853490 0.004340 0.01469230 0.00008650 boxcar
0.862220 0.004385 0.01466400 0.00009610 boxcar
0.854420 0.004315 0.01477280 0.00005850 boxcar
0.863090 0.004360 0.01470790 0.00005700 boxcar
0.871860 0.004405 0.01464950 0.00005720 boxcar
0.880720 0.004450 0.01469270 0.00005630 boxcar
0.889660 0.004495 0.01467600 0.00005380 boxcar
0.898700 0.004540 0.01469610 0.00005430 boxcar
0.907820 0.004585 0.01461240 0.00005370 boxcar
0.917040 0.004635 0.01465740 0.00004950 boxcar
0.926360 0.004680 0.01487730 0.00005220 boxcar
0.935770 0.004730 0.01481470 0.00004810 boxcar
0.945270 0.004775 0.01479290 0.00005050 boxcar
0.954870 0.004825 0.01479770 0.00004700 boxcar
0.964570 0.004875 0.01490110 0.00004820 boxcar
0.974370 0.004925 0.01482920 0.00004460 boxcar
0.984260 0.004975 0.01482770 0.00004530 boxcar
0.994260 0.005025 0.01470300 0.00004440 boxcar
1.004360 0.005075 0.01475730 0.00004560 boxcar
1.014560 0.005125 0.01485460 0.00004410 boxcar
1.024860 0.005180 0.01481390 0.00004340 boxcar
1.035270 0.005230 0.01469700 0.00004010 boxcar
1.045790 0.005285 0.01468510 0.00004290 boxcar
1.056410 0.005340 0.01459940 0.00004340 boxcar
1.067140 0.005390 0.01459990 0.00004030 boxcar
1.077980 0.005445 0.01474620 0.00004100 boxcar
1.088930 0.005500 0.01473110 0.00004070 boxcar
1.099990 0.005555 0.01487270 0.00003930 boxcar
1.111160 0.005615 0.01490000 0.00003880 boxcar
1.122440 0.005670 0.01499790 0.00003920 boxcar
1.133840 0.005730 0.01506960 0.00003850 boxcar
1.145360 0.005785 0.01500640 0.00003680 boxcar
1.156990 0.005845 0.01495860 0.00003910 boxcar
1.168740 0.005905 0.01499760 0.00003910 boxcar
1.180610 0.005965 0.01490030 0.00003690 boxcar
1.192610 0.006025 0.01498680 0.00003740 boxcar
1.204720 0.006085 0.01485000 0.00003870 boxcar
1.216950 0.006150 0.01480270 0.00003760 boxcar
1.229310 0.006210 0.01486680 0.00003870 boxcar
1.241800 0.006275 0.01480900 0.00003830 boxcar
1.254410 0.006340 0.01477970 0.00003640 boxcar
1.267150 0.006405 0.01478400 0.00003920 boxcar
1.280020 0.006470 0.01476490 0.00003920 boxcar
1.293020 0.006535 0.01468980 0.00003680 boxcar
1.306160 0.006600 0.01474440 0.00003850 boxcar
1.319420 0.006665 0.01478170 0.00003930 boxcar
1.332820 0.006735 0.01498150 0.00004030 boxcar
1.346360 0.006805 0.01523580 0.00004130 boxcar
1.360040 0.006870 0.01530210 0.00004170 boxcar
1.373850 0.006940 0.01533410 0.00004150 boxcar
1.387800 0.007010 0.01531620 0.00004160 boxcar
1.401900 0.007085 0.01536590 0.00004190 boxcar
1.416130 0.007155 0.01538730 0.00004400 boxcar
1.430520 0.007230 0.01533610 0.00004380 boxcar
1.445050 0.007300 0.01532410 0.00004630 boxcar
1.459720 0.007375 0.01528810 0.00004450 boxcar
1.474550 0.007450 0.01530390 0.00004740 boxcar
1.489530 0.007525 0.01521630 0.00004730 boxcar
1.504660 0.007600 0.01515570 0.00004750 boxcar
1.519940 0.007680 0.01508230 0.00005020 boxcar
1.535370 0.007755 0.01494220 0.00005010 boxcar
1.550970 0.007835 0.01481010 0.00005100 boxcar
1.566720 0.007915 0.01496390 0.00005050 boxcar
1.582630 0.007995 0.01485030 0.00005150 boxcar
1.598710 0.008080 0.01480560 0.00005520 boxcar
1.614950 0.008160 0.01481110 0.00005320 boxcar
1.631350 0.008240 0.01480820 0.00005480 boxcar
1.647920 0.008325 0.01465920 0.00005790 boxcar
1.664650 0.008410 0.01456740 0.00005940 boxcar
1.681560 0.008495 0.01458700 0.00006290 boxcar
1.698640 0.008585 0.01464310 0.00006130 boxcar
1.715890 0.008670 0.01483150 0.00006300 boxcar
1.733320 0.008760 0.01484680 0.00006470 boxcar
1.750920 0.008845 0.01489920 0.00006550 boxcar
1.768710 0.008935 0.01521640 0.00006810 boxcar
1.786670 0.009025 0.01513810 0.00006990 boxcar
1.804820 0.009120 0.01506190 0.00007130 boxcar
1.823150 0.009210 0.01502910 0.00007250 boxcar
1.841670 0.009305 0.01519980 0.00007470 boxcar
1.860370 0.009400 0.01525920 0.00007770 boxcar
1.879270 0.009495 0.01516190 0.00008030 boxcar
1.898350 0.009590 0.01517060 0.00008070 boxcar
1.917630 0.009690 0.01517450 0.00008440 boxcar
1.937110 0.009785 0.01522380 0.00008610 boxcar
1.956780 0.009885 0.01529580 0.00008600 boxcar
1.976660 0.009985 0.01507120 0.00008830 boxcar
1.996730 0.010090 0.01499270 0.00009140 boxcar
2.017020 0.010190 0.01484940 0.00008890 boxcar
2.037500 0.010295 0.01509920 0.00009410 boxcar
2.058200 0.010400 0.01254590 0.00008610 boxcar
2.079100 0.010505 0.01439760 0.00009810 boxcar
2.100220 0.010610 0.01473840 0.00010020 boxcar
2.121550 0.010720 0.01481120 0.00010300 boxcar
2.143100 0.010830 0.01491110 0.00010620 boxcar
2.164860 0.010940 0.01505400 0.00010780 boxcar
2.186850 0.011050 0.01477320 0.00011050 boxcar
2.209060 0.011160 0.01489190 0.00010980 boxcar
2.231500 0.011275 0.01482570 0.00011110 boxcar
2.254160 0.011390 0.01444020 0.00011740 boxcar
2.277050 0.011505 0.01434630 0.00012050 boxcar
2.300180 0.011620 0.01479630 0.00012110 boxcar
2.323540 0.011740 0.01472770 0.00012390 boxcar
2.347140 0.011860 0.01497870 0.00012520 boxcar
2.370980 0.011980 0.01491010 0.00013030 boxcar
2.395060 0.012100 0.01531830 0.00013560 boxcar
2.419390 0.012225 0.01519300 0.00013660 boxcar
2.443960 0.012350 0.01527690 0.00014670 boxcar
2.468780 0.012475 0.01517630 0.00015110 boxcar
2.493860 0.012600 0.01530560 0.00015330 boxcar
2.519190 0.012730 0.01530820 0.00015840 boxcar
2.544770 0.012860 0.01540800 0.00016490 boxcar
2.570620 0.012990 0.01545030 0.00016720 boxcar
2.596730 0.013120 0.01500940 0.00017560 boxcar
2.623100 0.013255 0.01560610 0.00017280 boxcar
2.649740 0.013390 0.01527380 0.00017190 boxcar
2.676660 0.013525 0.01535110 0.00018400 boxcar
2.703840 0.013660 0.01525670 0.00019420 boxcar
2.731300 0.013800 0.01533200 0.00019610 boxcar
2.759050 0.013940 0.01527200 0.00020100 boxcar
2.787070 0.014080 0.01558580 0.00020710 boxcar
2.815370 0.014225 0.01517130 0.00037220 boxcar
3.600000 0.380000 0.01517700 0.00012300 S36
4.500000 0.560000 0.01567900 0.00014900 S45
5.125000 0.125000 0.01530350 0.00008160 boxcar
5.375000 0.125000 0.01530770 0.00010570 boxcar
5.625000 0.125000 0.01529090 0.00009060 boxcar
5.875000 0.125000 0.01533970 0.00012820 boxcar
6.125000 0.125000 0.01512880 0.00013510 boxcar
6.375000 0.125000 0.01513900 0.00013040 boxcar
6.625000 0.125000 0.01544090 0.00009660 boxcar
6.875000 0.125000 0.01549640 0.00018460 boxcar
7.125000 0.125000 0.01560200 0.00014740 boxcar
7.375000 0.125000 0.01539420 0.00012910 boxcar
7.625000 0.125000 0.01536520 0.00017030 boxcar
7.875000 0.125000 0.01543110 0.00017780 boxcar
8.125000 0.125000 0.01560180 0.00015270 boxcar
8.375000 0.125000 0.01588670 0.00019560 boxcar
8.625000 0.125000 0.01574490 0.00018370 boxcar
8.875000 0.125000 0.01559330 0.00020180 boxcar
9.125000 0.125000 0.01518080 0.00021550 boxcar
9.375000 0.125000 0.01568190 0.00023690 boxcar
9.625000 0.125000 0.01522000 0.00023400 boxcar
9.875000 0.125000 0.01550870 0.00027260 boxcar
10.125000 0.125000 0.01510000 0.00032040 boxcar
10.375000 0.125000 0.01462990 0.00037270 boxcar
10.625000 0.125000 0.01532670 0.00043560 boxcar
10.875000 0.125000 0.01537400 0.00054470 boxcar
11.125000 0.125000 0.01430940 0.00068440 boxcar
11.375000 0.125000 0.01474450 0.00070300 boxcar
11.625000 0.125000 0.01431520 0.00083690 boxcar
11.875000 0.125000 0.01535650 0.00102000 boxcar
